Numero	Tiempo
1	10900
2	6100
3	2600
4	3500
5	4300
6	10900
7	7200
8	25300
9	11700
10	9600
11	15900
12	19400
13	29400
14	24900
15	24600
16	24200
17	25500
18	28600
19	31500
20	54800
21	56500
22	30400
23	37600
24	33000
25	40500
26	39300
27	51800
28	49700
29	64900
30	142300
31	70200
32	41700
33	76100
34	39600
35	62400
36	12300
37	6600
38	4400
39	5500
40	2700
41	5800
42	4900
43	3800
44	6100
45	5800
46	4100
47	9300
48	5800
49	6100
50	4000
51	6300
52	7300
53	8800
54	7100
55	5300
56	6800
57	7400
58	7400
59	7900
60	16700
61	10800
62	9200
63	7900
64	7000
65	8600
66	8600
67	8100
68	12000
69	11400
70	10600
71	11000
72	9200
73	9900
74	9500
75	10900
76	13600
77	8700
78	9600
79	11000
80	11400
81	16700
82	11400
83	13800
84	15300
85	10300
86	12100
87	12300
88	14900
89	10700
90	9300
91	11200
92	11100
93	13100
94	13000
95	14900
96	11000
97	12800
98	12900
99	12600
100	15700
101	12200
102	13800
103	13600
104	11600
105	16000
106	15800
107	13200
108	15200
109	15800
110	14200
111	13500
112	14200
113	15700
114	15100
115	14900
116	14400
117	16400
118	155700
119	16900
120	15800
121	20800
122	19800
123	17000
124	14700
125	16500
126	16800
127	18300
128	17300
129	16100
130	17500
131	17200
132	19500
133	17600
134	19600
135	19600
136	17300
137	16800
138	19900
139	19100
140	18100
141	19000
142	19800
143	17300
144	23700
145	15500
146	16100
147	21800
148	16800
149	25300
150	17600
151	23000
152	20100
153	26800
154	19800
155	23200
156	21300
157	19300
158	21100
159	20700
160	19100
161	20300
162	21400
163	19000
164	20500
165	19600
166	18400
167	18700
168	25200
169	24200
170	24300
171	21000
172	30000
173	21500
174	20000
175	24000
176	23500
177	22100
178	23900
179	19100
180	20800
181	27900
182	20300
183	27300
184	26200
185	23300
186	28700
187	26500
188	25800
189	49200
190	30000
191	26700
192	29800
193	28600
194	28500
195	26500
196	26600
197	28100
198	28500
199	28000
200	27900
201	34100
202	28800
203	85700
204	23600
205	26900
206	23700
207	24900
208	41800
209	30200
210	33300
211	30100
212	31500
213	28700
214	28100
215	40000
216	28800
217	28700
218	31000
219	34100
220	31500
221	26500
222	27500
223	26000
224	28600
225	27200
226	30900
227	27600
228	32700
229	30500
230	28700
231	29400
232	38400
233	30500
234	34700
235	31700
236	34900
237	33900
238	33600
239	34800
240	35300
241	34900
242	34600
243	37700
244	33200
245	35200
246	36400
247	38500
248	32800
249	38200
250	36500
251	35900
252	34200
253	35000
254	38000
255	36300
256	34800
257	39300
258	36800
259	39100
260	36000
261	42900
262	39700
263	36600
264	37900
265	36400
266	37800
267	33000
268	34500
269	35500
270	37200
271	37100
272	35600
273	36400
274	32700
275	44000
276	33500
277	36700
278	85800
279	31800
280	36900
281	43900
282	52700
283	35400
284	64500
285	50000
286	35300
287	66700
288	40000
289	65300
290	39900
291	67100
292	50500
293	35200
294	36200
295	53600
296	50300
297	54900
298	44300
299	46800
300	50700
301	50000
302	54200
303	45600
304	51200
305	50600
306	51400
307	47600
308	41400
309	44000
310	46900
311	48800
312	47400
313	46800
314	43600
315	46000
316	53300
317	47000
318	44500
319	93300
320	49100
321	45300
322	54100
323	48800
324	45200
325	46400
326	14611700
327	161100
328	17600
329	16900
330	15800
331	15300
332	26200
333	27900
334	33300
335	27800
336	31500
337	30200
338	28500
339	30300
340	31900
341	33300
342	30100
343	33300
344	32200
345	33400
346	33600
347	31600
348	23500
349	24200
350	21200
351	21200
352	21300
353	23000
354	22800
355	24300
356	25200
357	21300
358	31100
359	36000
360	33700
361	37300
362	38500
363	38900
364	76800
365	35100
366	36600
367	27600
368	18800
369	17800
370	19100
371	22300
372	18500
373	20000
374	19400
375	19200
376	20100
377	36400
378	35500
379	30900
380	31700
381	30900
382	30700
383	36900
384	35200
385	38800
386	21200
387	24400
388	20700
389	19700
390	20600
391	21600
392	20800
393	20900
394	21500
395	21200
396	21200
397	28900
398	21100
399	20900
400	20500
401	21900
402	22500
403	20600
404	22800
405	22700
406	23500
407	23000
408	20200
409	21600
410	22700
411	22100
412	22200
413	22100
414	22400
415	22800
416	19800
417	20100
418	38000
419	37200
420	47200
421	37900
422	34100
423	25000
424	23200
425	22600
426	22400
427	22600
428	21900
429	24900
430	22000
431	22500
432	22100
433	18000
434	22600
435	23500
436	23600
437	21800
438	19900
439	22100
440	17700
441	21600
442	18300
443	19900
444	24400
445	20400
446	20900
447	23300
448	20200
449	21800
450	20800
451	22600
452	21800
453	21600
454	21700
455	22100
456	22300
457	23000
458	23100
459	22000
460	146000
461	25000
462	23200
463	24200
464	32000
465	18400
466	20700
467	21300
468	19600
469	33000
470	37900
471	33000
472	20300
473	23200
474	19900
475	28300
476	18800
477	20800
478	26300
479	133800
480	27900
481	23800
482	22000
483	21200
484	22500
485	24100
486	25900
487	21900
488	22500
489	31100
490	31600
491	30900
492	22600
493	22200
494	24200
495	22000
496	26700
497	27300
498	25700
499	21900
500	22100
501	25400
502	28600
503	23200
504	24400
505	26200
506	19800
507	22800
508	19200
509	25100
510	20400
511	23200
512	30000
513	25300
514	23300
515	21900
516	17200
517	21800
518	22000
519	19900
520	20200
521	21000
522	36600
523	25300
524	23900
525	21200
526	29200
527	28500
528	24400
529	32200
530	32200
531	34800
532	33300
533	30800
534	30800
535	31700
536	31100
537	33800
538	30900
539	31300
540	31900
541	30900
542	33300
543	31900
544	30800
545	31300
546	33200
547	32700
548	31600
549	31700
550	32000
551	29900
552	25000
553	30200
554	28300
555	29100
556	32300
557	26200
558	25200
559	24200
560	29400
561	25600
562	28400
563	25200
564	28800
565	27500
566	27700
567	28300
568	28500
569	30800
570	30600
571	30100
572	27000
573	27800
574	36700
575	28900
576	30100
577	27900
578	31100
579	29500
580	28500
581	31300
582	30500
583	28200
584	26200
585	48900
586	30800
587	32200
588	28000
589	29700
590	30800
591	28300
592	28900
593	26400
594	24100
595	24900
596	30100
597	26500
598	34600
599	26900
600	30500
601	28400
602	24900
603	27900
604	29800
605	26500
606	26100
607	25700
608	28000
609	26800
610	26500
611	28800
612	32100
613	33800
614	31900
615	24500
616	29600
617	27200
618	26200
619	28300
620	2443200
621	40100
622	29800
623	27700
624	26100
625	28100
626	26300
627	52000
628	54600
629	39900
630	26800
631	25300
632	25900
633	30900
634	25300
635	27600
636	29900
637	30700
638	26800
639	31600
640	35800
641	30400
642	30200
643	26300
644	32700
645	29000
646	26400
647	30500
648	29500
649	34300
650	31000
651	43900
652	33100
653	31800
654	34900
655	30100
656	32000
657	36800
658	35300
659	33400
660	31900
661	32900
662	32100
663	33800
664	39200
665	58800
666	67800
667	45000
668	37800
669	34000
670	36600
671	34900
672	37200
673	33700
674	36000
675	39100
676	34700
677	37600
678	34900
679	38500
680	33300
681	30900
682	30700
683	37800
684	30400
685	31300
686	32200
687	32600
688	33300
689	36800
690	35400
691	34300
692	32400
693	34200
694	38700
695	34000
696	33400
697	35700
698	33400
699	29100
700	30200
701	36400
702	35900
703	32300
704	38300
705	31900
706	27800
707	30600
708	35300
709	36900
710	36000
711	37500
712	42300
713	38800
714	38400
715	37100
716	33700
717	30800
718	58600
719	37500
720	60800
721	32500
722	35900
723	32600
724	37500
725	32300
726	32000
727	33100
728	34900
729	37600
730	38300
731	40000
732	40600
733	41100
734	39300
735	39900
736	37900
737	38700
738	33100
739	33000
740	30100
741	32300
742	46600
743	37400
744	37400
745	34200
746	32800
747	34600
748	38300
749	34000
750	32300
751	29900
752	36600
753	37400
754	41400
755	156900
756	37400
757	49100
758	39600
759	36900
760	32200
761	29900
762	34400
763	31800
764	33200
765	34800
766	32400
767	36300
768	33400
769	46300
770	43400
771	43300
772	44500
773	34900
774	36900
775	39600
776	34600
777	39600
778	53200
779	41400
780	45400
781	45600
782	42800
783	41300
784	34500
785	34100
786	35900
787	35300
788	38900
789	40300
790	40700
791	38000
792	37800
793	42900
794	38200
795	36900
796	39200
797	39300
798	39300
799	38900
800	40600
801	325800
802	33300
803	40600
804	76200
805	33600
806	67600
807	51000
808	36000
809	43700
810	47700
811	37000
812	48400
813	39200
814	35100
815	39000
816	36600
817	38500
818	41600
819	37300
820	40700
821	39700
822	63900
823	36000
824	41200
825	37700
826	38600
827	42700
828	35400
829	46000
830	49500
831	50300
832	35200
833	38700
834	40400
835	38100
836	35800
837	41400
838	37100
839	67600
840	75800
841	40500
842	36700
843	42900
844	47800
845	78000
846	68000
847	208400
848	330800
849	1313400
850	72800
851	82300
852	73400
853	71400
854	75600
855	74200
856	71600
857	77600
858	74400
859	76400
860	74300
861	72500
862	72000
863	73400
864	66300
865	69300
866	173600
867	66500
868	76600
869	148600
870	71800
871	78000
872	69100
873	117000
874	72900
875	91200
876	87800
877	88000
878	97100
879	90500
880	73500
881	83800
882	76000
883	74800
884	76200
885	82600
886	70800
887	70400
888	76300
889	77300
890	74800
891	80000
892	80000
893	78300
894	75700
895	75500
896	129100
897	77500
898	77300
899	79700
900	77000
901	73500
902	75100
903	76100
904	106100
905	82600
906	80600
907	88300
908	76500
909	75400
910	78500
911	77000
912	79800
913	79600
914	77300
915	80400
916	78100
917	78500
918	112300
919	89800
920	75600
921	125700
922	78100
923	91800
924	235400
925	82400
926	74600
927	73000
928	70700
929	86700
930	70000
931	71900
932	73000
933	79500
934	82400
935	77800
936	91900
937	75500
938	86100
939	87000
940	85500
941	77700
942	88300
943	85000
944	93100
945	73400
946	77800
947	83200
948	84800
949	90000
950	88600
951	86200
952	89600
953	86000
954	85500
955	89300
956	83900
957	79500
958	85900
959	86900
960	92900
961	91000
962	87700
963	94100
964	92500
965	103400
966	87500
967	81300
968	83500
969	80000
970	220800
971	94100
972	82200
973	91100
974	80600
975	86700
976	83700
977	82500
978	82000
979	90400
980	421500
981	90300
982	83500
983	87500
984	85800
985	81800
986	89700
987	79000
988	87200
989	75400
990	81900
991	20207000
992	83900
993	93100
994	79700
995	86300
996	81500
997	80400
998	83700
999	82600
1000	82800
